1.632783388729112062e+01 1.433820415551620009e+01 9.999999999999998890e-01 0.000000000000000000e+00
1.637783388729112133e+01 1.433820415551620009e+01 9.999999999999998890e-01 0.000000000000000000e+00
1.642783388729112204e+01 1.433820415551620009e+01 9.999999999999998890e-01 0.000000000000000000e+00
1.647783388729112275e+01 1.433820415551620009e+01 9.999999999999998890e-01 0.000000000000000000e+00
1.652783388729112346e+01 1.433820415551620009e+01 9.999999999999998890e-01 0.000000000000000000e+00
1.657783388729112417e+01 1.433820415551620009e+01 9.999999999999998890e-01 0.000000000000000000e+00
1.662783388729112488e+01 1.433820415551620009e+01 9.999999999999998890e-01 0.000000000000000000e+00
1.667783388729112559e+01 1.433820415551620009e+01 9.999999999999998890e-01 0.000000000000000000e+00
1.672783388729112630e+01 1.433820415551620009e+01 9.999999999999998890e-01 0.000000000000000000e+00
1.677783388729112701e+01 1.433820415551620009e+01 9.999999999999998890e-01 0.000000000000000000e+00
1.682783388729112772e+01 1.433820415551620009e+01 9.999999999999998890e-01 0.000000000000000000e+00
1.687783388729112843e+01 1.433820415551620009e+01 9.999999999999998890e-01 0.000000000000000000e+00
1.692783388729112914e+01 1.433820415551620009e+01 9.999999999999998890e-01 0.000000000000000000e+00
1.697783388729112986e+01 1.433820415551620009e+01 9.999999999999998890e-01 0.000000000000000000e+00
1.702783388729113057e+01 1.433820415551620009e+01 9.999999999999998890e-01 0.000000000000000000e+00
1.707783388729113128e+01 1.433820415551620009e+01 9.999999999999998890e-01 0.000000000000000000e+00
1.712783388729113199e+01 1.433820415551620009e+01 9.999999999999998890e-01 0.000000000000000000e+00
1.717783388729113270e+01 1.433820415551620009e+01 9.999999999999998890e-01 0.000000000000000000e+00
1.722783388729113341e+01 1.433820415551620009e+01 9.999999999999998890e-01 0.000000000000000000e+00
1.727783388729113412e+01 1.433820415551620009e+01 9.999999999999998890e-01 0.000000000000000000e+00
1.732783388729113483e+01 1.433820415551620009e+01 9.999999999999998890e-01 0.000000000000000000e+00
1.737783388729113554e+01 1.433820415551620009e+01 9.999999999999998890e-01 0.000000000000000000e+00
1.742783388729113625e+01 1.433820415551620009e+01 9.999999999999998890e-01 0.000000000000000000e+00
1.747783388729113696e+01 1.433820415551620009e+01 9.999999999999998890e-01 0.000000000000000000e+00
1.752783388729113767e+01 1.433820415551620009e+01 9.999999999999998890e-01 0.000000000000000000e+00
1.757783388729113838e+01 1.433820415551620009e+01 9.999999999999998890e-01 0.000000000000000000e+00
1.762783388729113909e+01 1.433820415551620009e+01 9.999999999999998890e-01 0.000000000000000000e+00
1.767783388729113980e+01 1.433820415551620009e+01 9.999999999999998890e-01 0.000000000000000000e+00
1.772783388729114051e+01 1.433820415551620009e+01 9.999999999999998890e-01 0.000000000000000000e+00
1.777783388729114122e+01 1.433820415551620009e+01 9.999999999999998890e-01 0.000000000000000000e+00
1.782783388729114193e+01 1.433820415551620009e+01 9.999999999999998890e-01 0.000000000000000000e+00
1.787783388729114264e+01 1.433820415551620009e+01 9.999999999999998890e-01 0.000000000000000000e+00
1.792783388729114336e+01 1.433820415551620009e+01 9.999999999999998890e-01 0.000000000000000000e+00
1.797783388729114407e+01 1.433820415551620009e+01 9.999999999999998890e-01 0.000000000000000000e+00
1.802783388729114478e+01 1.433820415551620009e+01 9.999999999999998890e-01 0.000000000000000000e+00
1.807783388729114549e+01 1.433820415551620009e+01 9.999999999999998890e-01 0.000000000000000000e+00
1.812783388729114620e+01 1.433820415551620009e+01 9.999999999999998890e-01 0.000000000000000000e+00
1.817783388729114691e+01 1.433820415551620009e+01 9.999999999999998890e-01 0.000000000000000000e+00
1.822783388729114762e+01 1.433820415551620009e+01 9.999999999999998890e-01 0.000000000000000000e+00
1.827783388729114833e+01 1.433820415551620009e+01 9.999999999999998890e-01 0.000000000000000000e+00
1.832783388729114904e+01 1.433820415551620009e+01 9.999999999999998890e-01 0.000000000000000000e+00
1.837113515748037074e+01 1.436320415551620044e+01 8.660254037844385966e-01 4.999999999999998890e-01
1.841443642766959243e+01 1.438820415551620080e+01 8.660254037844385966e-01 4.999999999999998890e-01
1.845773769785881413e+01 1.441320415551620115e+01 8.660254037844385966e-01 4.999999999999998890e-01
1.850103896804803583e+01 1.443820415551620151e+01 8.660254037844385966e-01 4.999999999999998890e-01
1.854434023823725752e+01 1.446320415551620187e+01 8.660254037844385966e-01 4.999999999999998890e-01
1.858764150842647922e+01 1.448820415551620222e+01 8.660254037844385966e-01 4.999999999999998890e-01
1.863094277861570092e+01 1.451320415551620258e+01 8.660254037844385966e-01 4.999999999999998890e-01
1.867424404880492261e+01 1.453820415551620293e+01 8.660254037844385966e-01 4.999999999999998890e-01
1.871754531899414431e+01 1.456320415551620329e+01 8.660254037844385966e-01 4.999999999999998890e-01
1.876084658918336601e+01 1.458820415551620364e+01 8.660254037844385966e-01 4.999999999999998890e-01
1.880414785937258770e+01 1.461320415551620400e+01 8.660254037844385966e-01 4.999999999999998890e-01
1.884744912956180940e+01 1.463820415551620435e+01 8.660254037844385966e-01 4.999999999999998890e-01
1.889075039975103110e+01 1.466320415551620471e+01 8.660254037844385966e-01 4.999999999999998890e-01
1.893405166994025279e+01 1.468820415551620506e+01 8.660254037844385966e-01 4.999999999999998890e-01
1.897735294012947449e+01 1.471320415551620542e+01 8.660254037844385966e-01 4.999999999999998890e-01
1.902065421031869619e+01 1.473820415551620577e+01 8.660254037844385966e-01 4.999999999999998890e-01
1.906395548050791788e+01 1.476320415551620613e+01 8.660254037844385966e-01 4.999999999999998890e-01
1.910725675069713958e+01 1.478820415551620648e+01 8.660254037844385966e-01 4.999999999999998890e-01
1.915725675069714029e+01 1.478820415551620648e+01 9.999999999999998890e-01 0.000000000000000000e+00
1.920725675069714100e+01 1.478820415551620648e+01 9.999999999999998890e-01 0.000000000000000000e+00
1.925725675069714171e+01 1.478820415551620648e+01 9.999999999999998890e-01 0.000000000000000000e+00
1.930725675069714242e+01 1.478820415551620648e+01 9.999999999999998890e-01 0.000000000000000000e+00
1.935725675069714313e+01 1.478820415551620648e+01 9.999999999999998890e-01 0.000000000000000000e+00
1.940725675069714384e+01 1.478820415551620648e+01 9.999999999999998890e-01 0.000000000000000000e+00
1.945725675069714455e+01 1.478820415551620648e+01 9.999999999999998890e-01 0.000000000000000000e+00
1.950725675069714526e+01 1.478820415551620648e+01 9.999999999999998890e-01 0.000000000000000000e+00
1.955725675069714597e+01 1.478820415551620648e+01 9.999999999999998890e-01 0.000000000000000000e+00
1.960725675069714669e+01 1.478820415551620648e+01 9.999999999999998890e-01 0.000000000000000000e+00
1.965725675069714740e+01 1.478820415551620648e+01 9.999999999999998890e-01 0.000000000000000000e+00
1.970725675069714811e+01 1.478820415551620648e+01 9.999999999999998890e-01 0.000000000000000000e+00
1.975725675069714882e+01 1.478820415551620648e+01 9.999999999999998890e-01 0.000000000000000000e+00
1.980725675069714953e+01 1.478820415551620648e+01 9.999999999999998890e-01 0.000000000000000000e+00
1.985725675069715024e+01 1.478820415551620648e+01 9.999999999999998890e-01 0.000000000000000000e+00
1.990725675069715095e+01 1.478820415551620648e+01 9.999999999999998890e-01 0.000000000000000000e+00
1.995725675069715166e+01 1.478820415551620648e+01 9.999999999999998890e-01 0.000000000000000000e+00
2.000725675069715237e+01 1.478820415551620648e+01 9.999999999999998890e-01 0.000000000000000000e+00
2.005725675069715308e+01 1.478820415551620648e+01 9.999999999999998890e-01 0.000000000000000000e+00
2.010725675069715379e+01 1.478820415551620648e+01 9.999999999999998890e-01 0.000000000000000000e+00
2.015725675069715450e+01 1.478820415551620648e+01 9.999999999999998890e-01 0.000000000000000000e+00
2.020725675069715521e+01 1.478820415551620648e+01 9.999999999999998890e-01 0.000000000000000000e+00
2.025725675069715592e+01 1.478820415551620648e+01 9.999999999999998890e-01 0.000000000000000000e+00
2.030725675069715663e+01 1.478820415551620648e+01 9.999999999999998890e-01 0.000000000000000000e+00
2.035725675069715734e+01 1.478820415551620648e+01 9.999999999999998890e-01 0.000000000000000000e+00
2.040725675069715805e+01 1.478820415551620648e+01 9.999999999999998890e-01 0.000000000000000000e+00
2.045725675069715876e+01 1.478820415551620648e+01 9.999999999999998890e-01 0.000000000000000000e+00
2.050725675069715948e+01 1.478820415551620648e+01 9.999999999999998890e-01 0.000000000000000000e+00
2.055725675069716019e+01 1.478820415551620648e+01 9.999999999999998890e-01 0.000000000000000000e+00
2.060055802088638188e+01 1.481320415551620684e+01 8.660254037844385966e-01 4.999999999999998890e-01
2.064385929107560358e+01 1.483820415551620719e+01 8.660254037844385966e-01 4.999999999999998890e-01
2.068716056126482528e+01 1.486320415551620755e+01 8.660254037844385966e-01 4.999999999999998890e-01
2.073046183145404697e+01 1.488820415551620790e+01 8.660254037844385966e-01 4.999999999999998890e-01
2.077376310164326867e+01 1.491320415551620826e+01 8.660254037844385966e-01 4.999999999999998890e-01
2.081706437183249037e+01 1.493820415551620862e+01 8.660254037844385966e-01 4.999999999999998890e-01
2.086036564202171206e+01 1.496320415551620897e+01 8.660254037844385966e-01 4.999999999999998890e-01
2.090366691221093376e+01 1.498820415551620933e+01 8.660254037844385966e-01 4.999999999999998890e-01
2.094696818240015546e+01 1.501320415551620968e+01 8.660254037844385966e-01 4.999999999999998890e-01
2.099026945258937715e+01 1.503820415551621004e+01 8.660254037844385966e-01 4.999999999999998890e-01
2.103357072277859885e+01 1.506320415551621039e+01 8.660254037844385966e-01 4.999999999999998890e-01
2.107687199296782055e+01 1.508820415551621075e+01 8.660254037844385966e-01 4.999999999999998890e-01
2.112017326315704224e+01 1.511320415551621110e+01 8.660254037844385966e-01 4.999999999999998890e-01
2.116347453334626394e+01 1.513820415551621146e+01 8.660254037844385966e-01 4.999999999999998890e-01
2.120677580353548564e+01 1.516320415551621181e+01 8.660254037844385966e-01 4.999999999999998890e-01
2.125007707372470733e+01 1.518820415551621217e+01 8.660254037844385966e-01 4.999999999999998890e-01
2.129337834391392903e+01 1.521320415551621252e+01 8.660254037844385966e-01 4.999999999999998890e-01
2.133667961410315073e+01 1.523820415551621288e+01 8.660254037844385966e-01 4.999999999999998890e-01
2.136167961410314931e+01 1.528150542570543458e+01 5.000000000000000000e-01 8.660254037844384856e-01
2.138667961410314788e+01 1.532480669589465627e+01 5.000000000000000000e-01 8.660254037844384856e-01
2.141167961410314646e+01 1.536810796608387797e+01 5.000000000000000000e-01 8.660254037844384856e-01
2.143667961410314504e+01 1.541140923627309967e+01 5.000000000000000000e-01 8.660254037844384856e-01
2.146167961410314362e+01 1.545471050646232136e+01 5.000000000000000000e-01 8.660254037844384856e-01
2.148667961410314220e+01 1.549801177665154306e+01 5.000000000000000000e-01 8.660254037844384856e-01
2.151167961410314078e+01 1.554131304684076476e+01 5.000000000000000000e-01 8.660254037844384856e-01
2.153667961410313936e+01 1.558461431702998645e+01 5.000000000000000000e-01 8.660254037844384856e-01
2.156167961410313794e+01 1.562791558721920815e+01 5.000000000000000000e-01 8.660254037844384856e-01
2.158667961410313652e+01 1.567121685740842985e+01 5.000000000000000000e-01 8.660254037844384856e-01
2.161167961410313509e+01 1.571451812759765154e+01 5.000000000000000000e-01 8.660254037844384856e-01
2.163667961410313367e+01 1.575781939778687324e+01 5.000000000000000000e-01 8.660254037844384856e-01
2.166167961410313225e+01 1.580112066797609494e+01 5.000000000000000000e-01 8.660254037844384856e-01
2.168667961410313083e+01 1.584442193816531663e+01 5.000000000000000000e-01 8.660254037844384856e-01
2.171167961410312941e+01 1.588772320835453833e+01 5.000000000000000000e-01 8.660254037844384856e-01
2.173667961410312799e+01 1.593102447854376003e+01 5.000000000000000000e-01 8.660254037844384856e-01
2.176167961410312657e+01 1.597432574873298172e+01 5.000000000000000000e-01 8.660254037844384856e-01
2.178667961410312515e+01 1.601762701892220520e+01 5.000000000000000000e-01 8.660254037844384856e-01
2.181167961410312373e+01 1.606092828911142689e+01 5.000000000000000000e-01 8.660254037844384856e-01
2.183667961410312230e+01 1.610422955930064859e+01 5.000000000000000000e-01 8.660254037844384856e-01
2.183667961410312230e+01 1.615422955930064930e+01 6.123233995736764803e-17 9.999999999999998890e-01
2.183667961410312230e+01 1.620422955930065001e+01 6.123233995736764803e-17 9.999999999999998890e-01
2.183667961410312230e+01 1.625422955930065072e+01 6.123233995736764803e-17 9.999999999999998890e-01
2.183667961410312230e+01 1.630422955930065143e+01 6.123233995736764803e-17 9.999999999999998890e-01
2.183667961410312230e+01 1.635422955930065214e+01 6.123233995736764803e-17 9.999999999999998890e-01
2.183667961410312230e+01 1.640422955930065285e+01 6.123233995736764803e-17 9.999999999999998890e-01
2.183667961410312230e+01 1.645422955930065356e+01 6.123233995736764803e-17 9.999999999999998890e-01
2.183667961410312230e+01 1.650422955930065427e+01 6.123233995736764803e-17 9.999999999999998890e-01
2.183667961410312230e+01 1.655422955930065498e+01 6.123233995736764803e-17 9.999999999999998890e-01
2.183667961410312230e+01 1.660422955930065569e+01 6.123233995736764803e-17 9.999999999999998890e-01
2.183667961410312230e+01 1.665422955930065640e+01 6.123233995736764803e-17 9.999999999999998890e-01
2.183667961410312230e+01 1.670422955930065712e+01 6.123233995736764803e-17 9.999999999999998890e-01
2.183667961410312230e+01 1.675422955930065783e+01 6.123233995736764803e-17 9.999999999999998890e-01
2.183667961410312230e+01 1.680422955930065854e+01 6.123233995736764803e-17 9.999999999999998890e-01
2.183667961410312230e+01 1.685422955930065925e+01 6.123233995736764803e-17 9.999999999999998890e-01
2.183667961410312230e+01 1.690422955930065996e+01 6.123233995736764803e-17 9.999999999999998890e-01
2.183667961410312230e+01 1.695422955930066067e+01 6.123233995736764803e-17 9.999999999999998890e-01
2.183667961410312230e+01 1.700422955930066138e+01 6.123233995736764803e-17 9.999999999999998890e-01
2.183667961410312230e+01 1.705422955930066209e+01 6.123233995736764803e-17 9.999999999999998890e-01
2.183667961410312230e+01 1.710422955930066280e+01 6.123233995736764803e-17 9.999999999999998890e-01
2.183667961410312230e+01 1.715422955930066351e+01 6.123233995736764803e-17 9.999999999999998890e-01
2.183667961410312230e+01 1.720422955930066422e+01 6.123233995736764803e-17 9.999999999999998890e-01
2.183667961410312230e+01 1.725422955930066493e+01 6.123233995736764803e-17 9.999999999999998890e-01
2.183667961410312230e+01 1.730422955930066564e+01 6.123233995736764803e-17 9.999999999999998890e-01
2.183667961410312230e+01 1.735422955930066635e+01 6.123233995736764803e-17 9.999999999999998890e-01
2.183667961410312230e+01 1.740422955930066706e+01 6.123233995736764803e-17 9.999999999999998890e-01
2.183667961410312230e+01 1.745422955930066777e+01 6.123233995736764803e-17 9.999999999999998890e-01
2.183667961410312230e+01 1.750422955930066848e+01 6.123233995736764803e-17 9.999999999999998890e-01
2.183667961410312230e+01 1.755422955930066919e+01 6.123233995736764803e-17 9.999999999999998890e-01
2.183667961410312230e+01 1.760422955930066991e+01 6.123233995736764803e-17 9.999999999999998890e-01
2.183667961410312230e+01 1.765422955930067062e+01 6.123233995736764803e-17 9.999999999999998890e-01
2.183667961410312230e+01 1.770422955930067133e+01 6.123233995736764803e-17 9.999999999999998890e-01
2.183667961410312230e+01 1.775422955930067204e+01 6.123233995736764803e-17 9.999999999999998890e-01
2.183667961410312230e+01 1.780422955930067275e+01 6.123233995736764803e-17 9.999999999999998890e-01
2.183667961410312230e+01 1.785422955930067346e+01 6.123233995736764803e-17 9.999999999999998890e-01
2.183667961410312230e+01 1.790422955930067417e+01 6.123233995736764803e-17 9.999999999999998890e-01
2.183667961410312230e+01 1.795422955930067488e+01 6.123233995736764803e-17 9.999999999999998890e-01
2.183667961410312230e+01 1.800422955930067559e+01 6.123233995736764803e-17 9.999999999999998890e-01
2.183667961410312230e+01 1.805422955930067630e+01 6.123233995736764803e-17 9.999999999999998890e-01
2.183667961410312230e+01 1.810422955930067701e+01 6.123233995736764803e-17 9.999999999999998890e-01
2.183667961410312230e+01 1.815422955930067772e+01 6.123233995736764803e-17 9.999999999999998890e-01
2.183667961410312230e+01 1.820422955930067843e+01 6.123233995736764803e-17 9.999999999999998890e-01
2.183667961410312230e+01 1.825422955930067914e+01 6.123233995736764803e-17 9.999999999999998890e-01
2.183667961410312230e+01 1.830422955930067985e+01 6.123233995736764803e-17 9.999999999999998890e-01
2.183667961410312230e+01 1.835422955930068056e+01 6.123233995736764803e-17 9.999999999999998890e-01
2.183667961410312230e+01 1.840422955930068127e+01 6.123233995736764803e-17 9.999999999999998890e-01
2.183667961410312230e+01 1.845422955930068198e+01 6.123233995736764803e-17 9.999999999999998890e-01
2.183667961410312230e+01 1.850422955930068269e+01 6.123233995736764803e-17 9.999999999999998890e-01
2.183667961410312230e+01 1.855422955930068341e+01 6.123233995736764803e-17 9.999999999999998890e-01
2.183667961410312230e+01 1.860422955930068412e+01 6.123233995736764803e-17 9.999999999999998890e-01
2.183667961410312230e+01 1.865422955930068483e+01 6.123233995736764803e-17 9.999999999999998890e-01
2.183667961410312230e+01 1.870422955930068554e+01 6.123233995736764803e-17 9.999999999999998890e-01
2.183667961410312230e+01 1.875422955930068625e+01 6.123233995736764803e-17 9.999999999999998890e-01
2.183667961410312230e+01 1.880422955930068696e+01 6.123233995736764803e-17 9.999999999999998890e-01
2.183667961410312230e+01 1.885422955930068767e+01 6.123233995736764803e-17 9.999999999999998890e-01
2.183667961410312230e+01 1.890422955930068838e+01 6.123233995736764803e-17 9.999999999999998890e-01
2.183667961410312230e+01 1.895422955930068909e+01 6.123233995736764803e-17 9.999999999999998890e-01
2.183667961410312230e+01 1.900422955930068980e+01 6.123233995736764803e-17 9.999999999999998890e-01
2.186167961410312088e+01 1.904753082948991150e+01 5.000000000000000000e-01 8.660254037844384856e-01
2.188667961410311946e+01 1.909083209967913319e+01 5.000000000000000000e-01 8.660254037844384856e-01
2.191167961410311804e+01 1.913413336986835489e+01 5.000000000000000000e-01 8.660254037844384856e-01
2.193667961410311662e+01 1.917743464005757659e+01 5.000000000000000000e-01 8.660254037844384856e-01
2.196167961410311520e+01 1.922073591024679828e+01 5.000000000000000000e-01 8.660254037844384856e-01
2.198667961410311378e+01 1.926403718043601998e+01 5.000000000000000000e-01 8.660254037844384856e-01
2.201167961410311236e+01 1.930733845062524168e+01 5.000000000000000000e-01 8.660254037844384856e-01
2.203667961410311094e+01 1.935063972081446337e+01 5.000000000000000000e-01 8.660254037844384856e-01
2.206167961410310951e+01 1.939394099100368507e+01 5.000000000000000000e-01 8.660254037844384856e-01
2.208667961410310809e+01 1.943724226119290677e+01 5.000000000000000000e-01 8.660254037844384856e-01
2.211167961410310667e+01 1.948054353138212846e+01 5.000000000000000000e-01 8.660254037844384856e-01
2.213667961410310525e+01 1.952384480157135016e+01 5.000000000000000000e-01 8.660254037844384856e-01
2.216167961410310383e+01 1.956714607176057186e+01 5.000000000000000000e-01 8.660254037844384856e-01
2.218667961410310241e+01 1.961044734194979355e+01 5.000000000000000000e-01 8.660254037844384856e-01
2.221167961410310099e+01 1.965374861213901525e+01 5.000000000000000000e-01 8.660254037844384856e-01
2.223667961410309957e+01 1.969704988232823695e+01 5.000000000000000000e-01 8.660254037844384856e-01
2.226167961410309815e+01 1.974035115251745864e+01 5.000000000000000000e-01 8.660254037844384856e-01
2.226167961410309815e+01 1.979035115251745935e+01 6.123233995736764803e-17 9.999999999999998890e-01
2.226167961410309815e+01 1.984035115251746006e+01 6.123233995736764803e-17 9.999999999999998890e-01
2.226167961410309815e+01 1.989035115251746078e+01 6.123233995736764803e-17 9.999999999999998890e-01
2.226167961410309815e+01 1.994035115251746149e+01 6.123233995736764803e-17 9.999999999999998890e-01
2.226167961410309815e+01 1.999035115251746220e+01 6.123233995736764803e-17 9.999999999999998890e-01
2.226167961410309815e+01 2.004035115251746291e+01 6.123233995736764803e-17 9.999999999999998890e-01
2.226167961410309815e+01 2.009035115251746362e+01 6.123233995736764803e-17 9.999999999999998890e-01
2.226167961410309815e+01 2.014035115251746433e+01 6.123233995736764803e-17 9.999999999999998890e-01
2.226167961410309815e+01 2.019035115251746504e+01 6.123233995736764803e-17 9.999999999999998890e-01
2.226167961410309815e+01 2.024035115251746575e+01 6.123233995736764803e-17 9.999999999999998890e-01
2.226167961410309815e+01 2.029035115251746646e+01 6.123233995736764803e-17 9.999999999999998890e-01
2.226167961410309815e+01 2.034035115251746717e+01 6.123233995736764803e-17 9.999999999999998890e-01
2.226167961410309815e+01 2.039035115251746788e+01 6.123233995736764803e-17 9.999999999999998890e-01
2.226167961410309815e+01 2.044035115251746859e+01 6.123233995736764803e-17 9.999999999999998890e-01
2.226167961410309815e+01 2.049035115251746930e+01 6.123233995736764803e-17 9.999999999999998890e-01
2.226167961410309815e+01 2.054035115251747001e+01 6.123233995736764803e-17 9.999999999999998890e-01
2.226167961410309815e+01 2.059035115251747072e+01 6.123233995736764803e-17 9.999999999999998890e-01
2.226167961410309815e+01 2.064035115251747143e+01 6.123233995736764803e-17 9.999999999999998890e-01
2.226167961410309815e+01 2.069035115251747214e+01 6.123233995736764803e-17 9.999999999999998890e-01
2.226167961410309815e+01 2.074035115251747285e+01 6.123233995736764803e-17 9.999999999999998890e-01
2.226167961410309815e+01 2.079035115251747357e+01 6.123233995736764803e-17 9.999999999999998890e-01
2.226167961410309815e+01 2.084035115251747428e+01 6.123233995736764803e-17 9.999999999999998890e-01
2.226167961410309815e+01 2.089035115251747499e+01 6.123233995736764803e-17 9.999999999999998890e-01
2.226167961410309815e+01 2.094035115251747570e+01 6.123233995736764803e-17 9.999999999999998890e-01
2.226167961410309815e+01 2.099035115251747641e+01 6.123233995736764803e-17 9.999999999999998890e-01
2.226167961410309815e+01 2.104035115251747712e+01 6.123233995736764803e-17 9.999999999999998890e-01
2.226167961410309815e+01 2.109035115251747783e+01 6.123233995736764803e-17 9.999999999999998890e-01
2.226167961410309815e+01 2.114035115251747854e+01 6.123233995736764803e-17 9.999999999999998890e-01
2.226167961410309815e+01 2.119035115251747925e+01 6.123233995736764803e-17 9.999999999999998890e-01
2.226167961410309815e+01 2.124035115251747996e+01 6.123233995736764803e-17 9.999999999999998890e-01
2.226167961410309815e+01 2.129035115251748067e+01 6.123233995736764803e-17 9.999999999999998890e-01
2.226167961410309815e+01 2.134035115251748138e+01 6.123233995736764803e-17 9.999999999999998890e-01
2.226167961410309815e+01 2.139035115251748209e+01 6.123233995736764803e-17 9.999999999999998890e-01
2.226167961410309815e+01 2.144035115251748280e+01 6.123233995736764803e-17 9.999999999999998890e-01
2.226167961410309815e+01 2.149035115251748351e+01 6.123233995736764803e-17 9.999999999999998890e-01
2.226167961410309815e+01 2.154035115251748422e+01 6.123233995736764803e-17 9.999999999999998890e-01
2.226167961410309815e+01 2.159035115251748493e+01 6.123233995736764803e-17 9.999999999999998890e-01
2.226167961410309815e+01 2.164035115251748564e+01 6.123233995736764803e-17 9.999999999999998890e-01
2.226167961410309815e+01 2.169035115251748636e+01 6.123233995736764803e-17 9.999999999999998890e-01
2.226167961410309815e+01 2.174035115251748707e+01 6.123233995736764803e-17 9.999999999999998890e-01
2.226167961410309815e+01 2.179035115251748778e+01 6.123233995736764803e-17 9.999999999999998890e-01
2.226167961410309815e+01 2.184035115251748849e+01 6.123233995736764803e-17 9.999999999999998890e-01
2.226167961410309815e+01 2.189035115251748920e+01 6.123233995736764803e-17 9.999999999999998890e-01
2.226167961410309815e+01 2.194035115251748991e+01 6.123233995736764803e-17 9.999999999999998890e-01
2.226167961410309815e+01 2.199035115251749062e+01 6.123233995736764803e-17 9.999999999999998890e-01
2.226167961410309815e+01 2.204035115251749133e+01 6.123233995736764803e-17 9.999999999999998890e-01
2.226167961410309815e+01 2.209035115251749204e+01 6.123233995736764803e-17 9.999999999999998890e-01
2.226167961410309815e+01 2.214035115251749275e+01 6.123233995736764803e-17 9.999999999999998890e-01
2.226167961410309815e+01 2.219035115251749346e+01 6.123233995736764803e-17 9.999999999999998890e-01
